[2316.208991822571, 2314.471984461337, 2312.737580434757;
 2319.690840029825, 2317.948608384256, 2317.948608384256;
 2319.690840029825, 2317.948608384256, 2321.435692660413][0;
 0;
 0;
 0;
 0;
 0;
 0;
 0;
 0;
 0;
 0;
 0;
 0;
 0;
 0;
 0;
 0;
 0;
 0;
 0;
 0;
 0;
 0;
 0;
 0;
 0;
 0;
 0;
 0;
 0;
 0;
 0;
 0;
 0;
 0;
 0;
 0;
 0;
 0;
 0;
 0;
 0;
 0;
 0;
 0;
 0;
 0;
 0;
 0;
 0;
 0;
 0;
 0;
 0;
 0;
 0;
 0.312532;
 2.447491;
 3.608575;
 5.07687;
 6.886575;
 8.074747;
 9.868945999999999;
 11.056583;
 11.598787;
 13.192551;
 18.682552;
 35.594528;
 51.891522;
 72.617341;
 101.438583;
 132.083402;
 168.282203;
 233.448831;
 301.629184;
 363.306335;
 416.788733;
 445.319954;
 474.70047;
 504.891653;
 537.085651;
 565.88972;
 579.230176;
 586.645901;
 593.097808;
 597.113283;
 600.551033;
 602.4466650000001;
 602.714189;
 604.162117;
 604.872305;
 604.980551;
 605.369692;
 607.02269;
 607.136796;
 608.740573;
 609.534851;
 610.803864;
 611.830551;
 613.908719;
 615.633068;
 616.692018;
 618.700914;
 619.4714750000001;
 624.197077;
 631.471008;
 651.249638;
 671.323117;
 698.459616;
 720.2852799999999;
 733.085328;
 750.482718;
 763.850329;
 778.524324;
 794.424218;
 805.436965;
 815.3303550000001;
 820.057105;
 822.376309;
 823.38283;
 823.607735;
 823.369134;
 824.3228779999999;
 822.318947;
 825.145326;
 829.217403;
 830.221121;
 838.043366;
 840.603574;
 841.914581;
 842.14403;
 840.410277;
 838.588489;
 838.801615;
 838.951244;
 840.458399;
 837.910755;
 834.19474;
 831.032446;
 825.377354;
 820.228374;
 815.375993;
 807.859798;
 802.902659;
 796.097614;
 792.363978;
 786.701983;
 782.506375;
 778.0315409999999;
 772.902735;
 769.011576;
 762.274244;
 755.0841370000001;
 749.24594;
 743.2173320000001;
 734.802244;
 726.894723;
 719.865194;
 713.128204;
 707.531755;
 701.080348;
 694.13327;
 688.424967;
 680.350329;
 673.366228;
 667.244622;
 661.653786;
 653.0974629999999;
 644.0212330000001;
 635.720566;
 627.116727;
 615.1649650000001;
 605.131376;
 593.08476;
 581.225691;
 569.2166120000001;
 554.228789;
 542.312599;
 528.990949;
 515.060155;
 498.175164;
 482.99272;
 465.567123;
 448.259562;
 430.868502;
 410.159712;
 386.697376;
 359.242171;
 332.413676;
 301.562816;
 266.087718;
 219.750188;
 174.600279;
 133.45761;
 91.910653;
 268.295752;
 278.618722;
 313.187246;
 360.458119;
 406.99239;
 442.508953;
 484.375809;
 519.265594;
 548.771516;
 571.371232;
 597.394804;
 619.222706;
 634.811205;
 654.746541;
 670.031966;
 687.482558;
 701.596918;
 716.353855;
 725.158129;
 737.079556;
 749.068777;
 761.9240600000001;
 774.338495;
 786.189747;
 792.409916;
 804.346671;
 814.354545;
 826.224486;
 833.082507;
 843.129147;
 848.226947;
 854.368084;
 863.5165;
 870.681866;
 876.128065;
 881.837684;
 885.525532;
 888.42034;
 890.62519;
 891.662296;
 893.824576;
 893.008618;
 888.896264;
 891.207706;
 892.376093;
 895.675631;
 896.412423;
 897.135803;
 892.494232;
 888.612402;
 882.574307;
 883.1763999999999;
 881.102272;
 880.63406;
 867.678528;
 863.782827;
 860.199911;
 856.387218;
 847.725107;
 839.456941;
 823.250756;
 808.412184;
 793.314726;
 779.557924;
 764.029675;
 749.401964;
 738.426932;
 724.628947;
 706.200674;
 687.351868;
 674.819063;
 657.744762;
 646.166124;
 639.960719;
 637.496456;
 630.481796;
 618.907908;
 610.760047;
 601.857859;
 597.908193;
 592.1284920000001;
 585.862701;
 579.527283;
 572.1419550000001;
 568.6826119999999;
 560.678733;
 556.8658789999999;
 553.639628;
 551.941237;
 547.612432;
 538.785253;
 532.614828;
 531.723566;
 532.825258;
 532.227204;
 534.075997;
 536.3181;
 537.502097;
 538.655257;
 541.349766;
 542.905676;
 544.707506;
 546.543139;
 542.143182;
 543.067335]